long lat depth rake_slip
-83.1175 8.14445 5803.0 0.0
-83.16255 8.17603 5813.0 0.0256
-83.20823 8.20659 5818.0 0.07422
-83.25448 8.23622 5800.0 0.11358
-83.30123 8.26497 5764.0 0.13584
-83.34844 8.2929 5708.0 0.14304
-83.39607 8.32006 5625.0 0.11439
-83.44407 8.3465 5526.0 0.04971
-83.49241 8.37226 5413.0 0.00613
-83.54099 8.39741 5288.0 0.0
-83.58952 8.42223 5161.0 0.0
-83.63779 8.44704 5046.0 0.0
-83.68563 8.47219 4965.0 0.0
-83.73274 8.49807 4937.0 0.0
-83.77873 8.52515 4954.0 0.0
-83.82338 8.55385 4991.0 0.0
-83.86706 8.58414 5037.0 0.0
-83.08038 8.19501 7101.0 0.0
-83.12543 8.22658 7130.0 0.01153
-83.17112 8.25715 7144.0 0.04268
-83.21736 8.28678 7128.0 0.05763
-83.26412 8.31553 7080.0 0.06216
-83.31133 8.34346 7001.0 0.07082
-83.35896 8.37062 6891.0 0.05274
-83.40696 8.39706 6756.0 0.0023
-83.4553 8.42281 6601.0 0.0
-83.50388 8.44797 6433.0 0.0
-83.5524 8.47279 6264.0 0.0
-83.60068 8.4976 6104.0 0.0
-83.64851 8.52275 5972.0 0.0
-83.69563 8.54863 5879.0 0.0
-83.74162 8.57571 5825.0 0.0
-83.78626 8.6044 5816.0 0.0
-83.82995 8.6347 5851.0 0.0
-82.99894 8.21292 8662.0 0.0
-83.04327 8.24557 8727.0 0.0
-83.08832 8.27714 8776.0 0.0
-83.134 8.30771 8801.0 0.0
-83.18025 8.33734 8787.0 0.0
-83.22701 8.36609 8730.0 0.02784
-83.27422 8.39402 8625.0 0.07598
-83.32184 8.42118 8484.0 0.07952
-83.36984 8.44762 8310.0 0.02378
-83.41818 8.47337 8104.0 0.0
-83.46677 8.49853 7878.0 0.0
-83.51529 8.52335 7655.0 0.0
-83.56357 8.54816 7447.0 0.0
-83.6114 8.57331 7261.0 0.0
-83.65852 8.59918 7117.0 0.0
-83.7045 8.62627 7026.0 0.0
-83.74915 8.65496 6995.0 0.0
-83.79283 8.68526 7020.0 0.00955
-83.83593 8.71685 7096.0 0.01142
-82.96182 8.26348 10620.0 0.0
-83.00616 8.29613 10720.0 0.0
-83.05121 8.3277 10790.0 0.0
-83.09689 8.35827 10830.0 0.0
-83.14314 8.3879 10810.0 0.01141
-83.18989 8.41665 10750.0 0.02058
-83.23711 8.44458 10620.0 0.03102
-83.28473 8.47174 10450.0 0.03564
-83.33273 8.49817 10220.0 0.00736
-83.38107 8.52393 9961.0 0.0
-83.42965 8.54909 9668.0 0.0
-83.47818 8.57391 9376.0 0.0
-83.52646 8.59872 9106.0 0.0
-83.57429 8.62387 8862.0 0.0
-83.62141 8.64974 8663.0 0.0
-83.66739 8.67683 8528.0 0.0
-83.71204 8.70552 8471.0 0.0
-83.75572 8.73582 8483.0 0.00752
-83.79881 8.76741 8558.0 0.00789
-82.92471 8.31403 12990.0 0.00253
-82.96905 8.34668 13110.0 0.0
-83.0141 8.37826 13210.0 0.0
-83.05978 8.40883 13270.0 0.01029
-83.10603 8.43846 13260.0 0.04423
-83.15278 8.46721 13180.0 0.04859
-83.19999 8.49514 13030.0 0.01636
-83.24762 8.5223 12810.0 0.0
-83.29562 8.54873 12530.0 0.0
-83.34396 8.57449 12210.0 0.02144
-83.39254 8.59965 11850.0 0.02672
-83.44107 8.62446 11480.0 0.01822
-83.48934 8.64927 11130.0 0.00678
-83.53718 8.67442 10810.0 0.0
-83.5843 8.7003 10550.0 0.0
-83.63028 8.72739 10370.0 0.0
-83.67493 8.75608 10280.0 0.0
-83.71861 8.78638 10270.0 0.0
-83.7617 8.81797 10340.0 0.0
-82.8876 8.36459 15790.0 0.0
-82.93194 8.39724 15950.0 0.0
-82.97699 8.42882 16070.0 0.0
-83.02267 8.45938 16150.0 0.0
-83.06892 8.48901 16140.0 0.04319
-83.11567 8.51777 16050.0 0.06523
-83.16288 8.5457 15870.0 0.04076
-83.21051 8.57285 15610.0 0.01818
-83.25851 8.59929 15270.0 0.01537
-83.30685 8.62505 14880.0 0.04479
-83.35543 8.65021 14440.0 0.05455
-83.40396 8.67502 13990.0 0.03892
-83.45223 8.69983 13550.0 0.0163
-83.50007 8.72498 13160.0 0.0
-83.54718 8.75086 12830.0 0.0
-83.59317 8.77795 12590.0 0.0
-83.63782 8.80664 12450.0 0.0
-83.6815 8.83693 12430.0 0.0
-83.72459 8.86853 12490.0 0.0
-82.85049 8.41515 19060.0 0.0
-82.89482 8.4478 19260.0 0.0
-82.93987 8.47937 19410.0 0.0
-82.98556 8.50994 19490.0 0.0
-83.0318 8.53957 19480.0 0.04188
-83.07856 8.56832 19380.0 0.07668
-83.12577 8.59625 19170.0 0.07961
-83.1734 8.62341 18860.0 0.07354
-83.22139 8.64985 18460.0 0.06748
-83.26974 8.6756 17990.0 0.05222
-83.31832 8.70076 17470.0 0.02697
-83.36684 8.72558 16930.0 0.00884
-83.41512 8.75039 16400.0 0.0
-83.46295 8.77554 15920.0 0.0
-83.51007 8.80142 15510.0 0.0
-83.55605 8.8285 15210.0 0.0
-83.6007 8.8572 15030.0 0.0
-83.64438 8.88749 14970.0 0.0
-83.68748 8.91908 15020.0 0.0
-82.81337 8.46571 22840.0 0.00121
-82.85771 8.49836 23070.0 0.0
-82.90276 8.52993 23240.0 0.0
-82.94844 8.5605 23330.0 0.0031
-82.99469 8.59013 23310.0 0.02342
-83.04145 8.61888 23180.0 0.04099
-83.08866 8.64681 22930.0 0.05245
-83.13628 8.67397 22570.0 0.06546
-83.18428 8.70041 22100.0 0.06173
-83.23262 8.72616 21550.0 0.03025
-83.28121 8.75132 20950.0 0.0
-83.32973 8.77614 20310.0 0.0
-83.37801 8.80095 19680.0 0.0
-83.42584 8.8261 19110.0 0.0
-83.47296 8.85198 18620.0 0.0
-83.51894 8.87906 18240.0 0.0
-83.56359 8.90775 18010.0 0.0
-83.60727 8.93805 17920.0 0.0
-82.8206 8.54892 27390.0 0.0
-82.86565 8.58049 27570.0 0.0
-82.91133 8.61106 27660.0 0.0
-82.95758 8.64069 27620.0 0.0
-83.00433 8.66944 27460.0 0.0
-83.05155 8.69737 27160.0 0.00317
-83.09917 8.72453 26740.0 0.0193
-83.14717 8.75097 26200.0 0.02708
-83.19551 8.77672 25570.0 0.01394
-83.24409 8.80188 24860.0 0.0
-83.29262 8.8267 24130.0 0.0
-83.3409 8.85151 23400.0 0.0
-83.38873 8.87666 22730.0 0.0
-83.43585 8.90253 22140.0 0.0
-83.48183 8.92962 21690.0 0.0
-83.52648 8.95831 21400.0 0.0
-82.82854 8.63105 32400.0 0.0
-82.87422 8.66162 32480.0 0.0
-82.92047 8.69125 32410.0 0.0
-82.96722 8.72 32210.0 0.0
-83.01443 8.74793 31860.0 0.0
-83.06206 8.77509 31360.0 0.0
-83.11006 8.80152 30750.0 0.00214
-83.1584 8.82728 30020.0 0.00131
-83.20698 8.85244 29220.0 0.0
-83.25551 8.87726 28370.0 0.0
-83.30378 8.90207 27540.0 0.0
-83.35162 8.92722 26760.0 0.0
-83.39873 8.95309 26080.0 0.0
-83.44472 8.98018 25540.0 0.0
