Region_name Time_period Cluster_id Centroid_Lon(deg) Centroid_Lat(deg) Starting_time(year) Starting_time(month) Starting_time(day) Max_magnitude Median_inter-event_time(day) Duration(day) Number_of_events
CENTRAL_CHILE1 1995-1999 cluster_2 287.781 -33.4763 1998 6 23 5.7 4.934326 114.3978 9
CENTRAL_CHILE1 1995-1999 cluster_3 287.854 -34.0401 1995 3 15 5.1 10.14673 220.7629 11
CENTRAL_CHILE2 1995-1999 cluster_1 288.387 -31.0396 1997 12 9 4.6 3.963867 33.59155 5
CENTRAL_CHILE2 1995-1999 cluster_2 287.747 -31.6254 1998 10 26 4.7 1.687500 14.50684 8
CENTRAL_CHILE2 1995-1999 cluster_3 288.59 -31.84 1997 7 22 4.9 24.90729 95.30139 5
CENTRAL_CHILE3 1995-1999 cluster_1 288.435 -28.9612 1995 10 31 6.7 1.8188477E-02 1.027588 6
CENTRAL_CHILE3 1995-1999 cluster_2 288.488 -30.9014 1998 10 30 4.7 19.01990 73.17603 5
CENTRAL_CHILE3 1995-1999 cluster_4 287.918 -31.5569 1995 4 27 5.1 7.919159 125.3541 9
CENTRAL_CHILE4 1995-1999 cluster_2 288.69 -29.7522 1996 11 17 6.2 22.00061 115.4293 6
NICARAGUA 1995-1999 cluster_1 271.099 12.4952 1996 11 24 5.7 1.273682 45.44312 12
NICARAGUA 1995-1999 cluster_2 271.724 12.0862 1995 5 13 5.7 4.469971 68.08240 9
NICARAGUA 1995-1999 cluster_3 273.304 12.4282 1999 8 5 5.2 7.0922852E-02 20.16431 9
GUATEMALA 1995-1999 cluster_1 265.723 14.8361 1995 9 6 6. 0.6574707 8.762268 7
GUATEMALA 1995-1999 cluster_2 266.668 14.5457 1997 7 17 5.6 5.759888 220.1447 12
MEXICO2 1995-1999 cluster_1 261.992 15.9942 1996 2 25 7.1 3.9306641E-02 0.2567139 6
ALEUTIAN2 1995-1999 cluster_1 191.396 52.3487 1998 1 23 5.9 4.8828125E-02 0.1828613 6
ALEUTIAN2 1995-1999 cluster_2 191.353 52.3452 1996 3 26 5.3 0.1411133 1.644775 9
ALEUTIAN2 1995-1999 cluster_3 193.98 54.1804 1996 3 11 5.2 5.4931641E-02 3.553833 23
ALEUTIAN3 1995-1999 cluster_2 191.59 52.4263 1998 1 5 5.9 6.9335938E-02 48.05530 12
ALEUTIAN4 1995-1999 cluster_1 184.731 51.6296 1996 8 25 5. 17.47363 67.08777 5
ALEUTIAN7 1995-1999 cluster_1 175.398 51.485 1998 8 20 5.4 0.4482422 8.067139 6
KAMCHATKA1 1995-1999 cluster_1 162.556 55.2483 1997 12 3 5.5 4.9865723E-02 1.663940 9
KAMCHATKA3 1995-1999 cluster_1 157.59 50.9268 1995 12 11 5. 25.89673 103.0370 5
KAMCHATKA4 1995-1999 cluster_1 154.125 46.8818 1999 7 9 5.1 22.05872 106.7146 5
KAMCHATKA4 1995-1999 cluster_2 154.719 48.1754 1997 5 22 5.3 20.25653 169.8981 9
KURILE1 1995-1999 cluster_1 151.73 45.4175 1996 10 29 5.4 0.2552490 3.282349 6
KURILE1 1995-1999 cluster_2 151.66 45.445 1996 9 29 6. 0.2025146 2.985718 8
KURILE1 1995-1999 cluster_3 153.08 46.1758 1997 3 13 5.5 1.0864258E-02 44.88879 10
KURILE2 1995-1999 cluster_1 150.29 44.8119 1995 12 1 6.4 2.8076172E-03 1.890015 10
HOKKAIDO 1995-1999 cluster_1 144.682 41.9207 1997 2 11 5.9 2.651978 242.1062 6
HOKKAIDO 1995-1999 cluster_2 146.625 43.3372 1995 3 6 5.2 5.848846 174.9418 21
HOKKAIDO 1995-1999 cluster_3 147.518 43.3708 1995 2 26 5.6 1.525269 80.01794 17
HOKKAIDO 1995-1999 cluster_4 147.948 43.4514 1996 2 4 6.1 1.5747070E-02 34.78491 12
HOKKAIDO 1995-1999 cluster_5 146.847 43.3814 1995 1 19 6.5 0.5055237 2.241089 5
HOKKAIDO 1995-1999 cluster_6 147.424 43.821 1999 6 26 5.2 10.07996 73.24097 7
NORTHERN_JAPAN_TRENCH 1995-1999 cluster_1 143.416 40.0795 1995 1 27 6.1 8.290222 117.5565 15
NORTHERN_JAPAN_TRENCH 1995-1999 cluster_2 143.515 39.76 1995 6 13 5.9 0.3944702 24.51965 5
NORTHERN_JAPAN_TRENCH 1995-1999 cluster_3 142.417 40.6343 1995 1 18 4.9 7.911682 69.59027 6
SOUTHERN_JAPAN_TRENCH 1995-1999 cluster_1 141.735 35.9022 1998 2 7 5.9 8.586182 610.4357 16
SOUTHERN_JAPAN_TRENCH 1995-1999 cluster_3 141.413 37.0184 1998 8 16 5.4 49.29395 168.1155 5
IZU_BONIN1 1995-1999 cluster_1 141.817 30.6546 1998 1 20 5.6 8.674622 107.2068 7
IZU_BONIN1 1995-1999 cluster_2 141.518 32.5179 1996 9 18 5.7 2.428467 30.95190 7
MARIANA2 1995-1999 cluster_1 147.288 16.9932 1997 1 13 5.6 0.5850830 24.45862 8
MARIANA2 1995-1999 cluster_2 146.139 21.1554 1998 2 3 4.8 6.116882 22.11169 5
MARIANA5 1995-1999 cluster_1 143.536 11.9019 1998 10 28 5.5 18.96252 145.0386 7
MARIANA5 1995-1999 cluster_2 143.249 11.991 1998 5 5 5.6 7.3181152E-02 72.01685 5
MARIANA5 1995-1999 cluster_3 143.406 12.3699 1997 3 11 4.8 0.9771729 105.1530 7
KYUSHU_RYUKYU1 1995-1999 cluster_2 129.422 29.2822 1995 12 15 5. 1.110840 64.40381 5
KYUSHU_RYUKYU1 1995-1999 cluster_3 131.136 28.9029 1999 3 25 5.9 0.1401367 35.76953 7
KYUSHU_RYUKYU2 1995-1999 cluster_1 128.697 26.1077 1997 3 24 5.1 0.2565918 17.50769 6
PHILIPPINES1 1995-1999 cluster_1 125.754 11.9638 1995 4 15 6.2 1.076569 5.455688 5
PHILIPPINES1 1995-1999 cluster_3 125.158 13.1172 1997 12 22 5.3 6.4819336E-02 1.049316 6
PHILIPPINES2 1995-1999 cluster_2 124.662 12.744 1998 11 5 4.6 0.3515625 2.270020 5
PHILIPPINES3 1995-1999 cluster_1 126.505 9.011 1996 3 12 5.2 0.2661133 9.749268 5
PHILIPPINES3 1995-1999 cluster_2 126.176 9.89433 1997 4 8 4.9 0.1378174 6.525757 6
PHILIPPINES3 1995-1999 cluster_3 126.134 9.98286 1996 10 21 5.2 0.1228027 2.323853 7
PHILIPPINES3 1995-1999 cluster_4 126.367 9.85464 1996 10 27 5.7 1.1108398E-02 3.938232 14
PHILIPPINES4 1995-1999 cluster_1 126.751 5.47856 1999 6 18 6.4 1.331665 23.79346 9
PHILIPPINES4 1995-1999 cluster_2 126.995 5.96433 1997 1 26 5.1 11.28149 99.46021 6
PHILIPPINES4 1995-1999 cluster_3 126.46 6.3376 1998 3 11 5.4 0.6179199 2.571045 5
PHILIPPINES4 1995-1999 cluster_4 126.677 6.2444 1995 11 5 5.4 25.09534 96.23975 5
PHILIPPINES4 1995-1999 cluster_5 126.894 6.46 1999 7 4 5.4 10.49304 80.96191 7
PHILIPPINES4 1995-1999 cluster_6 126.926 7.2184 1996 12 13 5.4 22.69629 91.59583 5
PHILIPPINES4 1995-1999 cluster_7 126.722 7.98533 1996 8 19 5. 21.90967 114.4628 6
PHILIPPINES4 1995-1999 cluster_8 125.863 8.45614 1999 3 13 5.7 0.8592529 94.42358 7
PHILIPPINES5 1995-1999 cluster_1 128.77 2.24657 1997 11 30 5.4 0.4302368 60.66187 7
PHILIPPINES5 1995-1999 cluster_2 128.711 2.31629 1995 12 1 5.4 0.2652588 40.99329 7
NEW_GUINEA1 1995-1999 cluster_1 141.137 -2.822 1997 12 17 5.4 68.67017 288.3387 5
TONGA1 1995-1999 cluster_1 185.746 -18.2208 1995 2 4 5.3 164.4116 682.1823 5
TONGA1 1995-1999 cluster_10 186.095 -15.1 1998 1 25 4.9 18.10565 71.59192 5
TONGA1 1995-1999 cluster_2 187.217 -18.1487 1999 3 9 5.2 40.06567 199.7356 6
TONGA1 1995-1999 cluster_3 186.554 -16.9211 1999 3 23 5.8 7.877686 95.56445 7
TONGA1 1995-1999 cluster_5 186.208 -15.7468 1997 8 19 5.2 26.15149 182.9099 6
TONGA1 1995-1999 cluster_6 186.788 -15.4304 1999 5 21 5.5 9.427734 167.9021 14
TONGA1 1995-1999 cluster_7 186.778 -15.3952 1997 3 6 6.4 2.468201 86.87744 11
TONGA1 1995-1999 cluster_9 186.356 -15.1353 1998 9 30 5.5 7.908203 92.67236 8
TONGA2 1995-1999 cluster_1 185.578 -21.1159 1999 10 8 5.9 4.855469 52.97974 8
TONGA2 1995-1999 cluster_2 185.917 -20.662 1998 12 8 6.3 8.055908 118.6013 13
TONGA2 1995-1999 cluster_3 185.74 -21.0234 1995 8 29 6.1 7.643768 30.80414 5
TONGA2 1995-1999 cluster_4 186.182 -20.312 1999 6 27 5.7 22.66113 101.2849 6
TONGA2 1995-1999 cluster_5 185.512 -19.0387 1996 8 25 6. 31.54529 161.8542 6
TONGA3 1995-1999 cluster_1 184.708 -22.9289 1996 10 22 5.8 5.004517 152.7767 13
TONGA3 1995-1999 cluster_2 185.016 -21.844 1996 3 23 5.6 14.99365 97.12988 5
TONGA4 1995-1999 cluster_1 183.534 -27.0913 1995 1 8 5.7 0.9246216 92.39105 14
TONGA4 1995-1999 cluster_2 184.046 -23.8797 1995 5 27 5.5 0.1642456 0.9808350 6
KERMADEC1 1995-1999 cluster_1 182.629 -30.2835 1997 3 30 5.6 2.500610 64.58765 10
KERMADEC1 1995-1999 cluster_2 183.468 -27.9844 1995 3 18 5.5 12.53183 65.99683 5
KERMADEC2 1995-1999 cluster_1 182.383 -30.7263 1997 2 3 6.1 1.728149 119.1935 26
KERMADEC3 1995-1999 cluster_1 181.001 -34.293 1998 9 12 5.5 3.831787 241.8103 6
KERMADEC3 1995-1999 cluster_2 180.801 -34.0242 1999 10 9 4.8 0.7292480 6.110352 5
KERMADEC3 1995-1999 cluster_3 181.512 -33.4362 1995 9 22 6.4 0.1203613 138.2037 20
KERMADEC3 1995-1999 cluster_4 181.393 -32.917 1997 5 15 5.3 1.588623 34.96130 8
KERMADEC3 1995-1999 cluster_5 181.398 -32.6571 1996 7 8 5.5 0.8308105 60.53174 7
HIKURANGI 1995-1999 cluster_1 178.575 -37.877 1995 10 12 5.1 0.3295288 43.39771 5
VANUATU1 1995-1999 cluster_2 171.249 -22.6526 1995 7 12 5.6 56.82361 189.4769 5
VANUATU2 1995-1999 cluster_1 168.651 -19.0043 1996 12 16 6.1 14.64526 149.6318 6
VANUATU2 1995-1999 cluster_2 169.456 -18.8793 1996 12 30 4.9 21.58496 100.3324 6
VANUATU2 1995-1999 cluster_3 169.11 -19.3027 1995 12 20 5.3 10.33972 54.07068 6
VANUATU2 1995-1999 cluster_4 168.25 -19.9644 1999 4 2 6.2 2.911987 31.09204 7
VANUATU3 1995-1999 cluster_2 167.775 -17.3268 1998 9 18 5.9 5.844727 30.50146 5
VANUATU3 1995-1999 cluster_3 168.717 -17.2488 1995 9 15 4.8 173.8995 669.1581 5
VANUATU3 1995-1999 cluster_4 167.709 -18.1121 1997 9 28 4.9 0.9341431 238.4299 7
VANUATU3 1995-1999 cluster_5 168.231 -18.2703 1998 6 18 6.1 1.220459 31.76721 8
VANUATU4 1995-1999 cluster_1 166.97 -13.9976 1998 7 6 5.3 13.34802 143.3516 10
VANUATU4 1995-1999 cluster_2 166.695 -14.0838 1996 11 26 5.4 7.3303223E-02 150.3398 13
VANUATU4 1995-1999 cluster_3 167.862 -15.499 1999 2 14 6. 13.81091 54.98071 5
VANUATU4 1995-1999 cluster_4 167.548 -15.3823 1998 1 14 5.3 18.51257 89.74841 6
VANUATU5 1995-1999 cluster_1 166.431 -13.5122 1997 3 5 6.2 5.3710938E-03 46.94678 6
VANUATU6 1995-1999 cluster_1 161.403 -10.7002 1996 1 7 4.9 0.2175903 1.017944 5
VANUATU6 1995-1999 cluster_2 165.377 -11.168 1999 12 28 6.2 0.1551514 0.9567871 5
NEW_BRITAIN1 1995-1999 cluster_1 155.235 -6.6174 1997 11 14 5.3 2.262878 12.45593 5
NEW_BRITAIN2 1995-1999 cluster_10 153.898 -5.26143 1996 8 27 4.8 15.40503 92.83289 7
NEW_BRITAIN2 1995-1999 cluster_3 151.896 -5.59283 1998 8 26 5.5 1.250977 11.89062 6
NEW_BRITAIN2 1995-1999 cluster_4 152.068 -5.44314 1997 11 30 5.4 2.019409 32.60681 7
NEW_BRITAIN2 1995-1999 cluster_5 152.656 -5.37407 1999 4 20 6.6 0.6690674 47.19263 15
NEW_BRITAIN2 1995-1999 cluster_8 153.535 -4.5281 1998 12 14 7. 0.6359863 45.03467 20
NEW_BRITAIN2 1995-1999 cluster_9 153.661 -4.50764 1997 6 10 5.2 4.610718 103.4076 11
SERAM 1995-1999 cluster_1 131.284 -3.74083 1998 12 24 5.6 12.09644 93.06152 6
MALUKU 1995-1999 cluster_1 127.566 1.6506 1998 11 12 5.1 10.08398 66.79150 5
MALUKU 1995-1999 cluster_2 126.874 1.53086 1998 9 2 5.3 7.179565 50.96167 7
MALUKU 1995-1999 cluster_3 126.447 1.23133 1998 10 28 5.5 0.8930664 52.41528 12
MALUKU 1995-1999 cluster_4 126.131 0.768 1998 10 28 4.9 0.8095703 8.748291 5
MALUKU 1995-1999 cluster_5 126.212 0.5922 1999 11 18 6. 1.288452 10.98242 5
SOUTH_SANDWICH1 1995-1999 cluster_1 334.541 -56.6416 1998 10 3 5.8 0.1789551 1.315918 8
SOUTH_SANDWICH1 1995-1999 cluster_2 332.17 -55.401 1995 4 17 5.3 0.9826660 146.3365 8
SOUTH_SANDWICH1 1995-1999 cluster_3 331.947 -55.6295 1996 2 5 4.9 41.29224 174.6740 6
SOUTH_SANDWICH2 1995-1999 cluster_1 334.323 -58.8595 1997 12 17 5.3 17.00732 111.0063 6
SOUTH_SANDWICH2 1995-1999 cluster_2 334.525 -57.9295 1997 3 15 6.1 10.94666 79.69983 8
SOUTH_SANDWICH2 1995-1999 cluster_4 333.476 -56.4982 1995 6 25 5.2 16.98056 121.1807 5
CENTRAL_CHILE4 2000-2004 cluster_3 288.584 -27.879 2000 10 22 5.6 20.99237 127.9459 5
NICARAGUA 2000-2004 cluster_1 271.676 12.079 2000 4 24 4.9 25.47217 321.7391 9
NICARAGUA 2000-2004 cluster_2 273.399 11.3419 2000 9 27 4.7 24.48944 170.4678 8
NICARAGUA 2000-2004 cluster_3 273.871 11.8564 2000 7 6 5.4 0.1113281 1.200623 7
GUATEMALA 2000-2004 cluster_1 265.91 14.946 2003 8 22 5.2 41.71704 373.3987 9
GUATEMALA 2000-2004 cluster_2 266.913 14.2864 2003 11 9 5.5 63.48035 269.6448 5
GUATEMALA 2000-2004 cluster_3 267.748 13.967 2004 2 25 5.9 0.1630859 23.12939 7
MEXICO1 2000-2004 cluster_1 264.205 15.7082 2002 7 6 5.5 48.37439 168.3275 5
MEXICO3 2000-2004 cluster_1 260.156 16.8793 2001 10 29 5.1 21.71362 242.5315 9
ALEUTIAN2 2000-2004 cluster_1 191.302 52.2972 2002 12 11 5.3 0.2001343 21.22461 5
ALEUTIAN2 2000-2004 cluster_2 196.865 53.6046 2003 11 27 5.7 32.55798 121.6326 5
ALEUTIAN4 2000-2004 cluster_1 185.065 51.3992 2001 10 23 5.6 1.3610840E-02 5.674194 9
ALEUTIAN5 2000-2004 cluster_2 185.647 51.5264 2000 3 24 4.9 20.26047 111.1647 5
ALEUTIAN5 2000-2004 cluster_3 186.787 51.4983 2002 3 15 5.9 3.0151367E-02 1.554199 6
ALEUTIAN7 2000-2004 cluster_1 179.466 51.1268 2002 2 14 4.8 3.6621094E-04 2.1606445E-02 5
KAMCHATKA1 2000-2004 cluster_1 160.17 52.3105 2002 5 3 5.5 0.2352295 10.56067 10
KAMCHATKA1 2000-2004 cluster_2 160.356 52.6038 2001 10 5 6.5 0.4055786 3.075073 5
KAMCHATKA1 2000-2004 cluster_3 162.556 55.1161 2004 6 26 4.6 5.0781250E-02 0.6191406 10
KAMCHATKA3 2000-2004 cluster_1 156.22 48.8096 2004 12 18 6.2 4.1137695E-02 0.2009277 5
KAMCHATKA3 2000-2004 cluster_2 156.147 49.264 2003 3 5 5.4 3.341370 69.62866 11
KAMCHATKA3 2000-2004 cluster_3 156.149 49.1906 2001 3 13 5.3 3.124390 36.07141 9
KAMCHATKA3 2000-2004 cluster_4 156.22 49.2076 2001 11 17 5.1 5.204285 32.93713 5
KAMCHATKA4 2000-2004 cluster_1 154.118 47.0504 2003 12 30 5.9 3.8818359E-02 0.7458496 10
KAMCHATKA4 2000-2004 cluster_2 154.084 47.3076 2000 11 9 5.1 0.9801025 36.41638 5
KAMCHATKA4 2000-2004 cluster_3 154.006 47.2792 2003 12 30 4.9 0.8067627 10.68286 5
KAMCHATKA4 2000-2004 cluster_4 155.236 48.6998 2000 2 14 5. 39.45541 157.4418 5
KURILE1 2000-2004 cluster_1 149.919 45.5394 2000 10 31 5.1 28.44513 238.5963 5
KURILE2 2000-2004 cluster_2 150.257 44.7515 2003 9 27 5.6 0.4729004 124.7610 12
KURILE2 2000-2004 cluster_4 151.914 45.5694 2001 6 20 5.7 4.5349121E-02 1.096924 5
KURILE3 2000-2004 cluster_1 146.717 42.9954 2000 7 26 5.8 9.334290 38.66003 5
KURILE3 2000-2004 cluster_3 149.449 43.9936 2001 11 2 4.9 88.83673 355.1793 5
HOKKAIDO 2000-2004 cluster_1 143.785 42.4298 2003 9 10 5.5 2.9296875E-02 15.12012 6
NORTHERN_JAPAN_TRENCH 2000-2004 cluster_1 143.376 40.3369 2000 4 25 5.4 0.8893433 13.12402 8
SOUTHERN_JAPAN_TRENCH 2000-2004 cluster_1 141.142 35.0787 2004 5 13 5.4 1.4160156E-02 99.53442 9
SOUTHERN_JAPAN_TRENCH 2000-2004 cluster_2 141.739 36.175 2002 6 19 5.3 0.2258301 20.41797 6
IZU_BONIN3 2000-2004 cluster_1 141.848 27.7 2001 5 8 5.9 59.74640 275.3203 5
IZU_BONIN3 2000-2004 cluster_2 142.844 28.1033 2003 7 28 4.8 12.09839 107.8462 9
IZU_BONIN3 2000-2004 cluster_3 142.771 28.2423 2003 4 6 5.6 1.234985 65.82715 8
MARIANA2 2000-2004 cluster_1 147.019 18.8447 2001 5 13 6. 9.4604492E-03 33.23584 13
MARIANA2 2000-2004 cluster_2 146.603 21.145 2003 8 14 5. 0.1103516 1.001221 5
MARIANA4 2000-2004 cluster_1 144.372 12.4195 2002 12 6 4.8 0.1257324 1.905273 6
MARIANA5 2000-2004 cluster_1 142.8 11.8693 2001 8 3 5.3 74.63184 306.5076 6
MARIANA5 2000-2004 cluster_2 143.926 12.3118 2004 4 17 5. 7.527344 81.80249 12
MARIANA5 2000-2004 cluster_4 144.614 12.9918 2000 6 29 5.9 5.6335449E-02 1.102356 9
MARIANA5 2000-2004 cluster_5 145.851 13.4548 2001 8 11 4.8 3.500610 56.47400 5
MARIANA5 2000-2004 cluster_6 145.386 14.1187 2003 12 29 4.9 27.33142 188.2297 7
MARIANA6 2000-2004 cluster_1 140.863 10.978 2002 4 22 6.1 0.1279297 50.98376 11
TOKAI 2000-2004 cluster_1 137.168 33.9202 2002 9 20 5.5 4.661987 136.7638 6
KYUSHU_RYUKYU1 2000-2004 cluster_1 130.181 27.313 2003 12 5 5.3 0.7416992 3.507080 5
KYUSHU_RYUKYU3 2000-2004 cluster_1 126.321 25.6812 2001 8 17 5.9 6.358887 69.12012 5
PHILIPPINES1 2000-2004 cluster_1 125.63 11.447 2000 12 13 4.9 14.05768 59.71973 5
PHILIPPINES1 2000-2004 cluster_2 125.535 12.4108 2002 5 22 5.2 27.40405 161.3015 5
PHILIPPINES2 2000-2004 cluster_1 126.2 8.8474 2004 4 12 5.1 20.91919 80.19043 5
PHILIPPINES2 2000-2004 cluster_2 126.556 9.09943 2004 9 3 5.5 0.2062988 5.491211 7
PHILIPPINES2 2000-2004 cluster_3 126.386 9.1146 2002 9 8 5.1 3.384521 30.89490 5
PHILIPPINES2 2000-2004 cluster_4 125.352 10.0378 2004 3 8 5.1 40.68359 153.9399 5
PHILIPPINES2 2000-2004 cluster_5 126.288 10.3046 2002 8 27 4.9 7.512451 105.9548 8
PHILIPPINES3 2000-2004 cluster_1 127.305 5.7603 2001 1 2 5.7 0.7230225 8.003296 10
PHILIPPINES3 2000-2004 cluster_2 126.775 6.76371 2001 1 1 7.5 1.2329102E-02 0.1092529 7
PHILIPPINES3 2000-2004 cluster_3 126.958 7.31114 2002 7 14 5.1 18.50671 138.3264 7
PHILIPPINES3 2000-2004 cluster_4 126.708 8.6384 2000 4 18 5.4 4.719696 34.02716 5
PHILIPPINES5 2000-2004 cluster_1 128.851 1.4274 2002 6 16 4.8 166.3555 590.2676 5
PHILIPPINES5 2000-2004 cluster_2 128.48 3.59324 2004 6 18 5.6 0.8259277 175.9961 17
PHILIPPINES5 2000-2004 cluster_3 128.241 3.944 2000 4 3 5.7 0.1025696 47.87384 19
PHILIPPINES5 2000-2004 cluster_4 127.27 5.133 2003 4 25 5.5 29.03784 97.24988 5
PHILIPPINES5 2000-2004 cluster_5 126.789 5.5822 2003 2 18 5.4 22.80310 79.67590 5
TONGA1 2000-2004 cluster_1 187.042 -18.2632 2004 3 23 4.9 6.6650391E-02 66.02905 14
TONGA1 2000-2004 cluster_10 186.53 -15.1056 2004 7 8 6.2 0.2106934 62.46924 16
TONGA1 2000-2004 cluster_12 186.483 -15.2094 2003 12 26 4.8 7.063721 25.41113 5
TONGA1 2000-2004 cluster_2 186.234 -18.1146 2003 8 22 4.8 100.9663 389.8840 5
TONGA1 2000-2004 cluster_3 185.762 -17.5808 2003 8 3 5.1 20.26953 114.0244 5
TONGA1 2000-2004 cluster_4 187.006 -17.5206 2003 5 17 5.3 18.27600 87.58887 5
TONGA1 2000-2004 cluster_5 186.394 -16.7076 2003 1 15 5.7 14.65430 66.06250 5
TONGA1 2000-2004 cluster_6 187.105 -16.693 2004 3 20 5.7 5.715454 39.38281 5
TONGA1 2000-2004 cluster_7 187.375 -16.3693 2000 9 28 5. 19.29431 156.4921 7
TONGA1 2000-2004 cluster_8 186.561 -16.184 2002 6 6 5.1 22.31195 92.14758 5
TONGA1 2000-2004 cluster_9 186.354 -15.342 2004 4 13 5.8 2.432129 80.87036 14
TONGA3 2000-2004 cluster_1 184.44 -23.1855 2001 7 28 5.5 7.6049805E-02 75.48499 17
TONGA3 2000-2004 cluster_2 184.65 -23.27 2004 6 10 5.6 4.273438 46.72388 10
TONGA3 2000-2004 cluster_3 183.707 -22.8554 2003 5 3 4.8 16.37378 171.4045 5
TONGA3 2000-2004 cluster_4 184.762 -22.6902 2004 7 7 5.6 4.018066 68.22803 8
TONGA3 2000-2004 cluster_5 185.597 -21.5955 2002 1 27 5.9 16.84436 108.0162 8
TONGA3 2000-2004 cluster_6 185.717 -20.8225 2004 1 8 5.7 2.883057 24.65601 6
TONGA3 2000-2004 cluster_7 186.456 -19.0743 2003 10 30 5.8 1.865723 125.9597 12
KERMADEC1 2000-2004 cluster_1 182.624 -30.1823 2003 6 6 5. 1.7211914E-02 30.48560 6
KERMADEC1 2000-2004 cluster_2 183.315 -30.214 2003 11 7 5. 5.524414 161.5776 8
KERMADEC1 2000-2004 cluster_3 183.498 -28.3462 2000 1 10 5.8 1.396332 13.10571 5
KERMADEC1 2000-2004 cluster_4 183.521 -27.8056 2004 2 26 5.6 9.0942383E-02 0.9572754 7
KERMADEC1 2000-2004 cluster_5 183.586 -26.6419 2002 8 24 5.4 4.347107 38.78943 7
KERMADEC2 2000-2004 cluster_1 181.785 -32.3477 2004 3 4 6. 7.5683594E-03 2.956299 6
KERMADEC2 2000-2004 cluster_2 181.166 -31.8512 2003 8 10 4.9 15.39148 62.50342 5
KERMADEC2 2000-2004 cluster_3 181.583 -31.4269 2004 8 16 5.6 5.358521 90.52515 11
KERMADEC2 2000-2004 cluster_4 181.968 -31.323 2002 7 6 5.2 1.955261 43.11584 5
KERMADEC2 2000-2004 cluster_5 182.55 -30.7244 2003 12 5 5.9 12.50549 177.7046 11
KERMADEC2 2000-2004 cluster_6 182.294 -30.7045 2004 7 12 5.2 11.19189 97.31543 10
KERMADEC2 2000-2004 cluster_7 182.531 -30.5458 2003 9 20 6.4 0.3770752 10.07446 5
KERMADEC3 2000-2004 cluster_1 181.38 -33.324 2002 9 6 5.1 3.330933 16.48706 5
KERMADEC3 2000-2004 cluster_5 182.492 -30.6054 2003 9 20 5.3 0.1582031 11.78931 8
KERMADEC4 2000-2004 cluster_1 180.263 -36.6048 2001 8 21 5.2 0.3794556 5.857788 11
KERMADEC4 2000-2004 cluster_3 181.551 -32.8991 2004 11 1 5.2 1.2939453E-02 0.2419434 9
KERMADEC4 2000-2004 cluster_4 181.898 -32.7286 2004 3 6 5.6 0.1857910 4.835449 14
HIKURANGI 2000-2004 cluster_1 179.649 -36.864 2001 10 21 4.8 1.9042969E-02 9.9365234E-02 5
VANUATU1 2000-2004 cluster_1 169.215 -21.14 2003 12 15 4.9 6.852295 91.15308 8
VANUATU1 2000-2004 cluster_2 169.462 -21.0316 2004 6 17 5.4 19.40186 75.74609 5
VANUATU1 2000-2004 cluster_4 171.32 -22.3432 2002 7 16 5.3 14.86969 77.99243 5
VANUATU1 2000-2004 cluster_5 170.981 -22.8686 2003 6 23 5. 5.331665 114.9636 5
VANUATU1 2000-2004 cluster_6 172.026 -22.507 2003 3 15 6.4 32.87964 175.6882 5
VANUATU2 2000-2004 cluster_1 167.851 -19.2458 2003 6 24 5. 4.061035 550.4030 8
VANUATU2 2000-2004 cluster_3 169.321 -19.1078 2002 1 15 5.2 7.041382 31.31921 5
VANUATU2 2000-2004 cluster_4 169.37 -19.6872 2002 6 29 5.5 30.13489 124.6919 5
VANUATU2 2000-2004 cluster_8 170.644 -22.212 2001 6 19 5.4 20.28235 77.69299 5
VANUATU3 2000-2004 cluster_1 167.375 -17.3636 2003 10 29 5.4 1.358032 43.77246 11
VANUATU3 2000-2004 cluster_2 167.926 -17.7056 2004 3 19 6. 1.2207031E-02 39.53467 25
VANUATU4 2000-2004 cluster_1 166.599 -14.0187 2004 5 12 6.1 20.47119 161.5635 6
VANUATU4 2000-2004 cluster_2 166.684 -14.0538 2004 11 19 5.4 7.4707031E-02 0.6376953 6
VANUATU4 2000-2004 cluster_3 167.616 -14.3607 2002 2 14 6.2 4.6630859E-02 56.22803 8
VANUATU4 2000-2004 cluster_4 166.762 -14.6082 2000 11 15 5.8 1.9531250E-02 0.4389648 12
VANUATU4 2000-2004 cluster_5 167.631 -14.7923 2002 11 18 5.9 0.3398438 13.48669 12
VANUATU4 2000-2004 cluster_6 167.466 -15.0884 2003 5 28 5.2 3.134399 13.84363 5
VANUATU4 2000-2004 cluster_7 167.358 -15.1718 2002 8 13 4.8 2.471680 21.22986 6
VANUATU5 2000-2004 cluster_1 166.147 -11.9423 2004 5 13 5.9 1.7700195E-02 3.275635 13
SOLOMON1 2000-2004 cluster_1 161.084 -10.0256 2003 3 16 5. 13.93811 95.00049 7
SOLOMON1 2000-2004 cluster_2 161.266 -10.2488 2004 4 15 5.1 9.648682 36.54663 5
SOLOMON1 2000-2004 cluster_3 161.172 -10.5806 2002 9 20 6.3 2.5268555E-02 4.201050 14
SOLOMON1 2000-2004 cluster_4 162.047 -11.1266 2004 11 7 6.7 5.1025391E-02 4.448730 10
SOLOMON2 2000-2004 cluster_1 157.344 -8.756 2004 8 28 5.7 4.1503906E-02 4.160400 7
SOLOMON2 2000-2004 cluster_2 157.632 -8.81044 2002 4 25 5. 2.4475098E-02 62.59253 9
SOLOMON3 2000-2004 cluster_1 156.273 -7.4724 2003 10 23 4.8 24.61621 99.66431 5
SOLOMON3 2000-2004 cluster_2 156.244 -7.6944 2002 10 16 5.5 4.940857 68.76855 5
NEW_BRITAIN2 2000-2004 cluster_1 149.779 -6.808 2004 12 1 4.7 1.0986328E-02 0.4460449 5
NEW_BRITAIN2 2000-2004 cluster_2 150.556 -5.9368 2004 3 19 4.8 9.716431 43.41577 5
NEW_BRITAIN2 2000-2004 cluster_3 151.351 -6.08933 2003 12 18 5.2 6.9580078E-02 3.284180 6
NEW_BRITAIN2 2000-2004 cluster_4 151.285 -5.4716 2002 6 11 5. 0.7885132 3.426758 5
NEW_BRITAIN2 2000-2004 cluster_7 153.001 -5.5686 2003 4 14 4.7 0.1823730 3.497681 5
NEW_BRITAIN2 2000-2004 cluster_9 153.588 -4.59333 2004 7 27 4.8 0.5798340 14.91821 6
MALUKU 2000-2004 cluster_1 127.713 1.59986 2001 1 9 4.8 0.1555176 35.61316 7
MALUKU 2000-2004 cluster_2 126.417 1.12362 2001 8 26 6.1 3.4790039E-02 0.9268799 8
MALUKU 2000-2004 cluster_3 126.875 1.189 2004 5 26 5.2 7.105103 29.05029 5
SUMATRA1 2000-2004 cluster_1 101.88 -5.8258 2002 5 7 5.5 0.5361328 17.52502 5
SUMATRA1 2000-2004 cluster_2 102.118 -5.5028 2003 8 29 5.3 0.1014404 0.3630371 5
SUMATRA1 2000-2004 cluster_3 103.207 -5.85229 2001 1 4 5.4 1.612305 28.57349 7
SOUTH_SANDWICH1 2000-2004 cluster_1 333.897 -56.3318 2004 7 17 5.4 9.280029 54.39111 5
SOUTH_SANDWICH1 2000-2004 cluster_2 332.548 -55.9966 2004 3 23 5.5 3.814209 22.67871 7
SOUTH_SANDWICH1 2000-2004 cluster_3 332.786 -55.9566 2003 9 19 5.2 2.448486 13.93799 5
SOUTH_SANDWICH1 2000-2004 cluster_4 332.701 -55.8062 2002 7 1 5.6 4.254395 28.86096 6
SOUTH_SANDWICH1 2000-2004 cluster_6 333.159 -55.424 2000 9 14 5.4 27.74384 126.6982 5
SOUTH_SANDWICH1 2000-2004 cluster_8 330.507 -55.2237 2000 7 25 5.5 1.351440 109.6580 7
CENTRAL_CHILE1 2005-2009 cluster_1 288.389 -32.4394 2005 12 27 5.2 11.95270 45.49524 5
CENTRAL_CHILE1 2005-2009 cluster_2 288.105 -32.7721 2009 7 29 5.1 0.8985596 93.04175 7
CENTRAL_CHILE2 2005-2009 cluster_1 288.481 -30.309 2007 6 28 4.8 44.31897 163.9974 5
CENTRAL_CHILE2 2005-2009 cluster_2 288.161 -31.5754 2007 2 20 5.8 6.4453125E-02 36.80591 7
CENTRAL_CHILE3 2005-2009 cluster_1 289.171 -29.268 2008 9 20 5.4 68.12280 290.5317 5
CENTRAL_CHILE3 2005-2009 cluster_2 288.346 -30.0793 2008 3 6 4.9 12.75366 89.49023 6
CENTRAL_CHILE3 2005-2009 cluster_4 288.045 -31.3516 2006 8 13 5.8 0.7244873 268.4854 22
NORTH_CHILE 2005-2009 cluster_1 289.536 -23.2346 2007 8 9 5.7 3.2958984E-03 96.75171 9
PERU2 2005-2009 cluster_1 287.301 -17.462 2007 3 26 5.4 1.016968 26.18567 6
PERU3 2005-2009 cluster_1 283.925 -14.6792 2005 2 23 4.9 1.799255 70.67517 6
NICARAGUA 2005-2009 cluster_1 270.718 12.5805 2005 12 19 5.7 35.41760 152.4146 6
NICARAGUA 2005-2009 cluster_2 271.282 12.5434 2007 8 30 5. 5.332642 152.0863 8
NICARAGUA 2005-2009 cluster_3 272.532 11.9896 2007 6 24 5.2 7.496216 141.9017 14
NICARAGUA 2005-2009 cluster_4 272.551 13.0214 2006 2 20 5.5 56.08087 249.7483 5
GUATEMALA 2005-2009 cluster_1 265.737 14.518 2007 8 8 5.5 43.25793 167.7643 5
GUATEMALA 2005-2009 cluster_2 267.014 14.309 2008 8 27 5.8 10.30859 84.47192 7
GUATEMALA 2005-2009 cluster_3 267.958 13.9267 2007 10 11 5.2 15.02966 65.84302 6
GUATEMALA 2005-2009 cluster_4 268.77 13.3067 2007 8 2 4.8 24.89026 269.0481 8
GUATEMALA 2005-2009 cluster_5 269.27 13.6886 2007 5 7 6.7 2.615845 37.28955 5
MEXICO4 2005-2009 cluster_1 259.858 17.1187 2007 3 31 6. 0.5670166 28.31775 6
MEXICO4 2005-2009 cluster_2 259.718 16.6546 2008 3 1 5. 87.07825 380.9078 5
ALEUTIAN1 2005-2009 cluster_1 195.585 53.3925 2005 9 8 5.2 11.74524 188.4226 6
ALEUTIAN1 2005-2009 cluster_2 196.24 53.6699 2006 8 29 5.5 1.079468 95.31775 11
ALEUTIAN2 2005-2009 cluster_1 192.032 52.3938 2007 7 15 6.1 6.7138672E-03 4.2602539E-02 6
ALEUTIAN5 2005-2009 cluster_1 180.649 51.0823 2006 7 1 5.6 3.7719727E-02 0.9527588 10
ALEUTIAN5 2005-2009 cluster_2 180.617 51.0783 2007 12 19 5.6 4.1503906E-03 0.1372070 8
ALEUTIAN5 2005-2009 cluster_3 180.496 51.2258 2006 8 26 5.7 1.4465332E-02 5.9936523E-02 5
ALEUTIAN5 2005-2009 cluster_4 182.272 51.182 2006 9 10 5. 29.00446 97.43555 5
ALEUTIAN5 2005-2009 cluster_5 184.404 52.2024 2008 8 7 5.8 0.1548462 0.5285645 5
ALEUTIAN5 2005-2009 cluster_6 185.617 51.5541 2008 10 31 5.3 5.2734375E-02 0.4875488 8
ALEUTIAN6 2005-2009 cluster_1 179.574 51.1853 2005 5 29 5.2 2.7770996E-03 1.2268066E-02 5
ALEUTIAN6 2005-2009 cluster_2 179.205 51.1765 2009 1 17 5.1 5.9082031E-02 0.9113770 6
KAMCHATKA2 2005-2009 cluster_1 159.206 51.64 2008 5 31 5.2 0.2803955 41.35327 8
KAMCHATKA2 2005-2009 cluster_2 159.643 52.861 2009 10 8 5.1 9.418335 59.71289 5
KAMCHATKA2 2005-2009 cluster_3 159.685 53.1861 2008 11 19 5.1 14.77832 104.9868 7
KAMCHATKA4 2005-2009 cluster_1 153.992 47.1893 2006 11 8 5.6 0.1005859 0.7525635 8
KURILE1 2005-2009 cluster_1 153.289 46.3305 2006 8 1 6. 0.2702637 60.13184 13
KURILE1 2005-2009 cluster_2 152.564 46.8732 2006 12 22 5.1 2.069336 9.904663 5
KURILE1 2005-2009 cluster_4 154.357 48.2599 2008 12 28 5.4 0.1696777 1.420166 7
KURILE2 2005-2009 cluster_1 149.167 44.2533 2007 3 31 5.3 3.6376953E-02 2.454102 10
KURILE2 2005-2009 cluster_2 150.74 44.9762 2008 10 28 5. 0.2098389 4.472900 5
KURILE2 2005-2009 cluster_3 151.127 45.3306 2008 7 6 5.7 0.2918091 1.830811 5
KURILE3 2005-2009 cluster_1 146.923 43.5063 2005 3 16 5.4 6.196167 44.88208 7
KURILE3 2005-2009 cluster_2 147.168 44.4034 2007 11 3 5. 31.87823 121.1622 5
KURILE3 2005-2009 cluster_3 149.165 44.2099 2007 3 31 5.3 2.9296875E-02 4.920288 19
SOUTHERN_JAPAN_TRENCH 2005-2009 cluster_1 140.201 35.3144 2007 8 15 5.3 0.2803345 2.527710 5
SOUTHERN_JAPAN_TRENCH 2005-2009 cluster_2 141.307 35.2494 2007 6 20 5.1 6.3476562E-03 0.1750488 8
SOUTHERN_JAPAN_TRENCH 2005-2009 cluster_3 140.392 35.5484 2005 5 14 5.7 10.36826 36.40546 5
SOUTHERN_JAPAN_TRENCH 2005-2009 cluster_4 141.75 36.2234 2008 3 15 6.9 3.8452148E-03 53.11816 19
SOUTHERN_JAPAN_TRENCH 2005-2009 cluster_5 141.504 36.258 2006 2 3 5.7 1.1047363E-02 6.4208984E-02 5
IZU_BONIN4 2005-2009 cluster_1 143.288 23.3312 2008 4 16 5.1 5.011108 24.12866 5
MARIANA1 2005-2009 cluster_1 147.061 19.979 2009 1 4 5. 7.1533203E-02 9.055176 10
MARIANA2 2005-2009 cluster_1 147.017 18.0961 2008 11 1 5.6 4.004883 32.99487 7
MARIANA2 2005-2009 cluster_2 147.61 18.2142 2007 7 5 4.7 7.807922 71.71436 5
MARIANA6 2005-2009 cluster_1 141.416 12.2058 2006 1 23 5.3 1.2817383E-02 32.72644 5
LUZON 2005-2009 cluster_1 121.144 21.1302 2008 7 11 6.2 0.7465210 12.06213 11
LUZON 2005-2009 cluster_2 121.878 20.1657 2007 11 6 5.8 0.3945312 146.7793 6
LUZON 2005-2009 cluster_3 120.086 18.9838 2006 3 5 5.2 0.3763428 116.2062 13
PHILIPPINES1 2005-2009 cluster_1 125.788 11.7491 2005 7 28 5.5 2.2796631E-02 9.070251 7
PHILIPPINES1 2005-2009 cluster_2 124.651 12.8682 2008 4 18 5.2 59.56940 201.5502 5
PHILIPPINES2 2005-2009 cluster_1 126.638 8.85633 2008 12 20 5.6 0.1105957 3.050293 9
PHILIPPINES2 2005-2009 cluster_2 126.533 9.326 2005 2 10 5. 9.993286 48.63293 5
PHILIPPINES2 2005-2009 cluster_3 126.209 9.79383 2007 3 13 5.1 8.6791992E-02 3.083984 6
PHILIPPINES3 2005-2009 cluster_1 126.015 6.36029 2006 8 28 5. 18.28333 117.5397 7
PHILIPPINES3 2005-2009 cluster_2 126.393 6.52889 2009 11 16 5.6 0.4573975 41.99805 9
PHILIPPINES3 2005-2009 cluster_3 126.859 6.6622 2006 5 13 4.9 7.044312 59.02295 5
PHILIPPINES3 2005-2009 cluster_6 125.68 9.6662 2005 7 2 4.9 22.77158 108.1063 5
PHILIPPINES3 2005-2009 cluster_8 125.294 10.4513 2007 1 31 5.5 1.712036 169.2959 8
NEW_GUINEA1 2005-2009 cluster_1 141.397 -2.8374 2007 10 4 5.4 4.3762207E-02 17.73035 5
NEW_GUINEA1 2005-2009 cluster_2 141.682 -2.6412 2005 1 29 5.1 4.293854 31.47552 5
NEW_GUINEA1 2005-2009 cluster_3 141.682 -2.7718 2007 7 22 5.8 2.9479980E-02 0.1467285 5
NEW_GUINEA1 2005-2009 cluster_4 139.004 -1.9698 2009 3 19 5.1 0.1304932 0.5583496 5
TONGA1 2005-2009 cluster_1 186.481 -17.7865 2006 6 14 5.3 3.214966 46.19043 8
TONGA1 2005-2009 cluster_2 186.881 -16.0082 2006 5 16 4.9 1.297302 15.77368 5
TONGA2 2005-2009 cluster_1 184.772 -20.7323 2006 9 10 5.5 14.86438 147.8762 6
TONGA2 2005-2009 cluster_2 185.819 -20.852 2009 7 30 5.8 0.7143555 4.066895 6
TONGA2 2005-2009 cluster_3 185.814 -20.6923 2006 4 19 5.4 2.8686523E-02 14.16528 9
TONGA2 2005-2009 cluster_4 185.712 -20.803 2006 12 19 5.4 4.218384 17.63318 5
TONGA2 2005-2009 cluster_5 186.565 -18.9374 2006 6 23 5.2 3.136108 38.74292 7
TONGA3 2005-2009 cluster_1 184.502 -23.3598 2006 10 2 5.8 0.2757568 15.50146 11
TONGA3 2005-2009 cluster_2 184.801 -22.9655 2009 6 5 5. 4.457031 34.17651 8
TONGA3 2005-2009 cluster_3 184.777 -22.7656 2006 2 11 5.3 2.602600 58.40137 13
TONGA3 2005-2009 cluster_5 184.968 -22.4814 2008 4 27 5.2 9.902344 60.28760 5
TONGA3 2005-2009 cluster_6 185.765 -21.825 2008 10 20 4.9 1.087158 8.533447 5
TONGA3 2005-2009 cluster_7 185.568 -21.2999 2007 3 8 5.2 5.728821 46.13647 7
TONGA3 2005-2009 cluster_8 185.478 -21.2606 2006 5 10 5.3 1.408386 5.942505 5
TONGA4 2005-2009 cluster_1 183.728 -27.8638 2007 11 6 5.2 10.46997 105.5796 5
TONGA4 2005-2009 cluster_2 183.556 -27.3556 2009 2 2 5.1 0.5650635 7.725342 7
TONGA4 2005-2009 cluster_3 183.596 -27.1471 2007 6 18 5.1 0.5983276 17.21265 9
TONGA4 2005-2009 cluster_4 183.43 -27.0622 2008 9 30 4.7 4.4067383E-02 3.371826 5
TONGA4 2005-2009 cluster_5 183.63 -26.9261 2009 2 24 5.2 3.072510 28.80054 7
TONGA4 2005-2009 cluster_6 183.822 -26.773 2005 6 20 5.8 0.3835449 3.354126 6
TONGA4 2005-2009 cluster_7 183.972 -24.4096 2005 1 27 5.1 8.0718994E-02 1.684204 5
TONGA4 2005-2009 cluster_8 183.992 -23.7898 2005 10 12 5.5 1.095642 4.194946 5
KERMADEC1 2005-2009 cluster_3 182.98 -28.9342 2007 2 25 5.6 1.254517 14.42773 5
KERMADEC2 2005-2009 cluster_1 182.298 -31.3214 2009 5 18 6. 4.2968750E-02 5.386475 7
KERMADEC2 2005-2009 cluster_10 182.697 -28.4762 2005 11 1 4.8 41.41821 152.6434 6
KERMADEC2 2005-2009 cluster_2 182.895 -31.227 2008 8 8 5. 33.05469 134.8438 5
KERMADEC2 2005-2009 cluster_3 182.3 -31.2324 2009 11 5 5. 7.286011 40.87891 5
KERMADEC2 2005-2009 cluster_4 182.317 -30.496 2006 1 26 5.6 2.134033 11.48108 6
KERMADEC2 2005-2009 cluster_5 182.413 -30.0844 2008 11 29 5. 2.474365 11.74146 5
KERMADEC3 2005-2009 cluster_1 181.274 -34.178 2007 3 27 5.6 1.011230 126.4510 22
KERMADEC3 2005-2009 cluster_10 180.349 -32.9496 2005 10 3 5.3 70.91241 309.9139 5
KERMADEC3 2005-2009 cluster_11 181.04 -32.7572 2005 6 1 5.2 2.730194 14.82825 5
KERMADEC3 2005-2009 cluster_12 181.896 -32.3174 2008 5 16 5.4 0.1510010 1.113525 5
KERMADEC3 2005-2009 cluster_13 181.488 -32.3214 2005 8 28 5. 15.90375 63.73151 5
KERMADEC3 2005-2009 cluster_2 179.927 -33.5123 2007 10 30 5.5 52.81036 461.7645 7
KERMADEC3 2005-2009 cluster_3 181.391 -33.6924 2008 6 5 5. 0.5255737 5.478027 7
KERMADEC3 2005-2009 cluster_4 181.195 -33.504 2005 5 9 4.9 1.071411 24.54852 6
KERMADEC3 2005-2009 cluster_5 181.562 -33.4251 2007 3 17 5.2 2.9052734E-02 3.367920 8
KERMADEC3 2005-2009 cluster_6 181.448 -33.3499 2005 10 20 5.1 0.2528076 16.28497 7
KERMADEC3 2005-2009 cluster_7 181.352 -33.2982 2009 9 30 5.1 1.505371 25.43677 8
KERMADEC3 2005-2009 cluster_8 180.871 -33.2218 2006 10 17 5.2 5.564331 27.25940 5
KERMADEC3 2005-2009 cluster_9 181.672 -33.0713 2007 10 8 5.4 0.1859131 27.43848 21
KERMADEC4 2005-2009 cluster_1 180.513 -35.4222 2008 3 1 5.6 1.065125 3.643921 5
KERMADEC5 2005-2009 cluster_2 180.746 -34.9319 2005 6 26 4.9 1.628845 171.7661 7
VANUATU1 2005-2009 cluster_1 169.324 -21.2237 2007 9 27 6.1 5.0048828E-03 9.1918945E-02 15
VANUATU1 2005-2009 cluster_2 169.995 -21.348 2005 6 19 5.5 15.84247 62.05389 5
VANUATU1 2005-2009 cluster_3 170.109 -22.0267 2005 8 4 5.6 6.8756104E-02 7.235840 9
VANUATU2 2005-2009 cluster_1 169.462 -19.0562 2008 11 14 5.5 0.1262207 4.571533 6
VANUATU2 2005-2009 cluster_2 168.747 -20.1465 2008 4 6 6.4 7.4462891E-03 2.691162 6
VANUATU3 2005-2009 cluster_1 167.208 -16.518 2008 4 28 4.7 3.659546 41.75684 5
VANUATU3 2005-2009 cluster_2 167.399 -16.4286 2007 10 7 6.4 37.08179 156.7585 5
VANUATU3 2005-2009 cluster_3 167.821 -17.4439 2005 9 25 6.1 1.9165039E-02 0.4442749 10
VANUATU3 2005-2009 cluster_4 167.833 -17.7382 2009 6 1 6.3 1.1596680E-02 0.2290039 5
VANUATU3 2005-2009 cluster_7 168.952 -20.3776 2006 5 9 5.5 2.304504 15.18518 5
VANUATU4 2005-2009 cluster_1 166.635 -14.1416 2008 12 12 5.6 2.6489258E-02 5.558594 9
VANUATU4 2005-2009 cluster_10 167.753 -17.8187 2009 6 1 6.3 9.2529297E-02 2.822754 15
VANUATU4 2005-2009 cluster_2 166.672 -14.1891 2009 9 14 5.8 4.6997070E-02 29.53784 9
VANUATU4 2005-2009 cluster_3 166.835 -14.853 2007 5 25 5.8 0.7956543 24.76074 6
VANUATU4 2005-2009 cluster_4 166.708 -14.9314 2006 5 16 5.1 6.352356 41.74902 5
VANUATU4 2005-2009 cluster_5 167.393 -14.978 2005 7 10 5.5 3.056000 12.22418 5
VANUATU4 2005-2009 cluster_6 167.908 -14.931 2008 9 16 6.4 7.0068359E-02 52.21631 6
VANUATU5 2005-2009 cluster_1 165.925 -11.4869 2009 9 8 6.1 7.5683594E-02 30.14331 12
VANUATU5 2005-2009 cluster_2 165.873 -11.6049 2007 8 23 7.2 9.9487305E-03 9.833984 19
VANUATU5 2005-2009 cluster_3 166.207 -11.9789 2009 2 21 5.2 3.423462 31.55225 7
VANUATU6 2005-2009 cluster_1 163.138 -11.1384 2005 1 4 6.1 4.9285889E-02 60.77789 5
VANUATU6 2005-2009 cluster_2 165.543 -11.2519 2009 9 8 5.3 0.9128418 106.4912 18
SOLOMON2 2005-2009 cluster_1 156.729 -8.295 2007 2 24 5.3 3.202881 36.14319 5
SOLOMON3 2005-2009 cluster_1 156.139 -7.5668 2005 5 1 5.7 0.5478516 10.91626 5
NEW_BRITAIN1 2005-2009 cluster_1 155.11 -7.0468 2007 4 2 5.6 1.6357422E-02 0.9062500 10
NEW_BRITAIN1 2005-2009 cluster_2 155.396 -6.793 2005 5 18 5.1 8.766449 40.62262 5
NEW_BRITAIN2 2005-2009 cluster_10 152.249 -5.5086 2005 9 26 4.9 1.887695 8.200562 5
NEW_BRITAIN2 2005-2009 cluster_11 152.615 -4.7726 2007 5 4 5.4 20.15033 69.44165 5
NEW_BRITAIN2 2005-2009 cluster_12 152.771 -5.1775 2009 7 29 5.5 0.2109375 19.33398 6
NEW_BRITAIN2 2005-2009 cluster_13 153.7 -4.76114 2006 7 23 4.8 1.326172 31.45691 7
NEW_BRITAIN2 2005-2009 cluster_2 150.694 -6.13643 2005 2 17 6. 0.1634216 6.577148 7
NEW_BRITAIN2 2005-2009 cluster_3 150.488 -5.759 2006 10 23 5.2 12.34027 48.62244 5
NEW_BRITAIN2 2005-2009 cluster_4 151.323 -6.2325 2006 11 7 4.9 0.3577881 16.35815 12
NEW_BRITAIN2 2005-2009 cluster_5 151.356 -6.051 2009 9 30 5.3 1.156006 6.471924 7
NEW_BRITAIN2 2005-2009 cluster_6 151.801 -5.46362 2005 9 10 6.6 1.4831543E-02 19.28192 16
NEW_BRITAIN2 2005-2009 cluster_7 151.856 -5.38033 2007 7 25 5. 2.300049 13.83350 6
NEW_BRITAIN2 2005-2009 cluster_8 151.896 -5.2732 2007 11 1 5.4 1.905029 15.05261 5
NEW_BRITAIN2 2005-2009 cluster_9 152.212 -5.37517 2008 5 11 5.1 0.1608887 41.14075 6
SERAM 2005-2009 cluster_1 129.979 -3.1106 2005 4 12 4.7 22.56448 78.80066 5
SERAM 2005-2009 cluster_2 128.217 -2.50467 2006 10 25 5.3 72.89905 691.9635 6
MALUKU 2005-2009 cluster_1 127.614 1.7514 2005 2 24 4.7 15.87704 68.61700 5
MALUKU 2005-2009 cluster_2 126.852 1.87583 2008 1 20 5.3 11.84070 64.45837 6
MALUKU 2005-2009 cluster_3 127.792 1.3148 2006 11 25 4.9 34.89679 164.8938 5
MALUKU 2005-2009 cluster_4 126.975 0.8626 2006 2 11 5.5 9.022583 140.2764 10
MALUKU 2005-2009 cluster_5 126.117 0.452 2009 11 29 5.5 3.080566 26.52148 5
JAVA1 2005-2009 cluster_1 115.929 -11.1858 2006 5 11 4.9 0.1081543 54.81152 6
JAVA1 2005-2009 cluster_2 118.817 -10.5473 2009 11 21 6. 0.2426758 7.338867 6
JAVA3 2005-2009 cluster_1 108.663 -9.43333 2006 7 17 5.9 8.6669922E-03 0.2105713 12
SUMATRA2 2005-2009 cluster_1 100.352 -2.9286 2007 2 17 5.5 9.5764160E-02 207.2960 5
SUMATRA3 2005-2009 cluster_1 99.4672 -1.607 2005 4 7 5.3 9.3048096E-02 0.3583984 5
SOUTH_SANDWICH1 2005-2009 cluster_1 333.088 -56.172 2009 4 27 5.4 4.093994 18.06787 5
SOUTH_SANDWICH1 2005-2009 cluster_2 332.449 -55.9031 2007 9 28 5.4 5.072510 40.83447 8
SOUTH_SANDWICH1 2005-2009 cluster_3 333.116 -55.464 2009 8 31 5.5 1.376465 115.9829 9
SOUTH_SANDWICH1 2005-2009 cluster_4 332.168 -55.5464 2007 5 11 5.2 1.303345 53.72083 12
SOUTH_SANDWICH2 2005-2009 cluster_1 335.122 -58.7804 2008 4 28 6.1 2.0141602E-02 11.76819 7
SOUTH_SANDWICH2 2005-2009 cluster_2 334.79 -58.591 2008 8 6 5.3 0.5592041 16.40625 7
SOUTH_SANDWICH2 2005-2009 cluster_3 334.918 -56.9209 2009 1 23 5. 0.7775879 13.09351 8
SOUTH_SANDWICH2 2005-2009 cluster_4 334.037 -56.0642 2005 1 12 5.1 3.620453 34.51447 5
SOUTH_SANDWICH3 2005-2009 cluster_1 333.479 -60.2337 2007 3 22 5.7 1.817261 150.0302 13
SOUTH_SANDWICH3 2005-2009 cluster_2 332.807 -59.5216 2005 2 7 5.5 48.04004 205.7840 5
SOUTH_SANDWICH3 2005-2009 cluster_5 334.519 -57.411 2005 4 1 5.2 19.65424 83.75244 6