# Number ; Longitude ; Latitude ; Date ; Duration (days) ; Mw
1 -98.569309 17.824089 2005.602 5 6.836
2 -98.778861 17.645963 2005.837 5 6.671
3 -99.794491 18.395913 2006.029 9 6.596
4 -100.197309 18.601689 2006.098 21 6.871
5 -100.801508 18.081762 2006.881 25 7.074
6 -98.308401 17.200886 2007.031 25 6.974
7 -98.195318 17.156214 2007.160 11 6.979
8 -98.713361 17.490260 2007.247 18 6.740
9 -98.778861 17.645963 2007.469 15 6.314
10 -98.647970 17.334532 2007.606 7 6.676
11 -100.231210 18.596013 2007.738 5 6.540
12 -98.665400 17.601550 2007.850 39 6.864
13 -99.128627 17.139169 2008.332 25 6.496
14 -98.730899 17.757264 2008.835 35 6.560
15 -100.325725 18.372781 2009.317 23 6.750
16 -100.144542 18.174015 2009.435 19 6.796
17 -100.144542 18.174015 2010.985 11 6.540
18 -100.440040 18.416273 2011.105 9 6.444
19 -100.440040 18.416273 2011.195 10 6.628
20 -98.647970 17.334532 2011.423 25 6.360
21 -100.695973 17.492555 2011.573 7 7.209
22 -98.700410 18.135527 2011.685 6 6.924
23 -100.211464 18.329227 2012.006 3 6.471
24 -98.814201 18.179912 2012.178 3 6.815
25 -100.788348 17.903005 2012.239 5 6.815
26 -98.713361 17.490260 2012.548 13 6.902
27 -98.503920 17.668327 2012.671 35 7.108
28 -98.814201 18.179912 2012.876 19 6.896